# Affect state (§17/§18). Wakes at the personality set-point (a gently positive, curious disposition).
emotion:
  valence: 0.259
  arousal: 0.264
  dominance: 0.568
mood:
  valence: 0.252
  arousal: 0.277
  dominance: 0.559
baseline:
  valence: 0.259
  arousal: 0.264
  dominance: 0.568
neuromods:
  ne: 0.7039393939393939
  da: 0.4402617074519725
  ach: 1.0
  cortisol: 0.35
  serotonin: 0.4405623755579989
  oxytocin: 0.5
  ne_tonic: 0.1
hpa:
  crh: 0.239120866487469
  acth: 0.40972794922285316
  cortisol: 0.35
